
   Bytes sent (167544)   |   Avg RTT (ms)   |   Estimated RTT (ms)   |   Avg Bandwidth (KB/s)   |   Estimated Bandwidth (KB/s)   

---------------------------------------------------------------------------------------------------------------------------------------

           1024         |       0.00       |              0.00        |            Infinity        |               Infinity   
           1024         |       0.00       |              0.00        |            Infinity        |               Infinity   
           1024         |       0.00       |              0.00        |            Infinity        |               Infinity   
           1024         |       0.00       |              0.00        |            Infinity        |               Infinity   
           1024         |       0.00       |              0.00        |            Infinity        |               Infinity   
           1024         |       0.00       |              0.00        |            Infinity        |               Infinity   
           1024         |       0.00       |              0.00        |            Infinity        |               Infinity   
           1024         |       0.00       |              0.00        |            Infinity        |               Infinity   
           1024         |       0.00       |              0.00        |            Infinity        |               Infinity   
           1024         |       0.00       |              0.00        |            Infinity        |               Infinity   
           1024         |       0.00       |              0.00        |            Infinity        |               Infinity   
           1024         |       0.00       |              0.00        |            Infinity        |               Infinity   
           1024         |       0.00       |              0.00        |            Infinity        |               Infinity   
           1024         |       0.00       |              0.00        |            Infinity        |               Infinity   
           1024         |       0.00       |              0.00        |            Infinity        |               Infinity   
           1024         |       0.00       |              0.00        |            Infinity        |               Infinity   
           1024         |       0.00       |              0.00        |            Infinity        |               Infinity   
           1024         |       0.00       |              0.00        |            Infinity        |               Infinity   
           1024         |       0.00       |              0.00        |            Infinity        |               Infinity   
           1024         |       0.00       |              0.00        |            Infinity        |               Infinity   
           1024         |       0.00       |              0.00        |            Infinity        |               Infinity   
           1024         |       0.04       |              0.13        |            22528.00        |                8192.00   
           1024         |       0.04       |              0.11        |            23552.00        |                9362.29   
           1024         |       0.04       |              0.10        |            24576.00        |               10699.76   
           1024         |       0.04       |              0.08        |            25600.00        |               12228.29   
           1024         |       0.04       |              0.07        |            26624.00        |               13975.19   
           1024         |       0.04       |              0.06        |            27648.00        |               15971.65   
           1024         |       0.03       |              0.06        |            28672.00        |               18253.31   
           1024         |       0.03       |              0.05        |            29696.00        |               20860.93   
           1024         |       0.03       |              0.04        |            30720.00        |               23841.06   
           1024         |       0.03       |              0.04        |            31744.00        |               27246.92   
           1024         |       0.03       |              0.03        |            32768.00        |               31139.34   
           1024         |       0.03       |              0.03        |            33792.00        |               35587.82   
           1024         |       0.03       |              0.03        |            34816.00        |               40671.79   
           1024         |       0.03       |              0.02        |            35840.00        |               46482.05   
           1024         |       0.03       |              0.02        |            36864.00        |               53122.34   
           1024         |       0.03       |              0.02        |            37888.00        |               60711.25   
           1024         |       0.03       |              0.01        |            38912.00        |               69384.28   
           1024         |       0.03       |              0.01        |            39936.00        |               79296.32   
           1024         |       0.02       |              0.01        |            40960.00        |               90624.37   
           1024         |       0.02       |              0.01        |            41984.00        |              103570.71   
           1024         |       0.02       |              0.01        |            43008.00        |              118366.52   
           1024         |       0.02       |              0.01        |            44032.00        |              135276.02   
           1024         |       0.02       |              0.01        |            45056.00        |              154601.17   
           1024         |       0.04       |              0.13        |            23040.00        |                7829.01   
           1024         |       0.04       |              0.11        |            23552.00        |                8947.44   
           1024         |       0.04       |              0.10        |            24064.00        |               10225.65   
           1024         |       0.06       |              0.21        |            16384.00        |                4816.04   
           1024         |       0.06       |              0.19        |            16725.33        |                5504.05   
           1024         |       0.06       |              0.16        |            17066.67        |                6290.34   
           1024         |       0.06       |              0.14        |            17408.00        |                7188.96   
           1024         |       0.06       |              0.12        |            17749.33        |                8215.95   
           1024         |       0.06       |              0.11        |            18090.67        |                9389.66   
           1024         |       0.05       |              0.10        |            18432.00        |               10731.04   
           1024         |       0.05       |              0.08        |            18773.33        |               12264.05   
           1024         |       0.05       |              0.07        |            19114.67        |               14016.05   
           1024         |       0.07       |              0.19        |            14592.00        |                5420.09   
           1024         |       0.07       |              0.17        |            14848.00        |                6194.39   
           1024         |       0.07       |              0.14        |            15104.00        |                7079.30   
           1024         |       0.07       |              0.13        |            15360.00        |                8090.63   
           1024         |       0.06       |              0.11        |            15616.00        |                9246.44   
           1024         |       0.06       |              0.10        |            15872.00        |               10567.36   
           1024         |       0.06       |              0.08        |            16128.00        |               12076.98   
           1024         |       0.06       |              0.07        |            16384.00        |               13802.26   
           1024         |       0.06       |              0.06        |            16640.00        |               15774.01   
           1024         |       0.06       |              0.06        |            16896.00        |               18027.44   
           1024         |       0.06       |              0.05        |            17152.00        |               20602.79   
           1024         |       0.06       |              0.04        |            17408.00        |               23546.05   
           1024         |       0.06       |              0.04        |            17664.00        |               26909.77   
           1024         |       0.06       |              0.03        |            17920.00        |               30754.02   
           1024         |       0.06       |              0.03        |            18176.00        |               35147.45   
           1024         |       0.07       |              0.15        |            14745.60        |                6804.32   
           1024         |       0.07       |              0.13        |            14950.40        |                7776.37   
           1024         |       0.07       |              0.12        |            15155.20        |                8887.28   
           1024         |       0.07       |              0.10        |            15360.00        |               10156.89   
           1024         |       0.06       |              0.09        |            15564.80        |               11607.87   
           1024         |       0.06       |              0.08        |            15769.60        |               13266.14   
           1024         |       0.06       |              0.07        |            15974.40        |               15161.30   
           1024         |       0.06       |              0.06        |            16179.20        |               17327.20   
           1024         |       0.06       |              0.05        |            16384.00        |               19802.52   
           1024         |       0.06       |              0.05        |            16588.80        |               22631.45   
           1024         |       0.07       |              0.16        |            13994.67        |                6221.49   
           1024         |       0.07       |              0.14        |            14165.33        |                7110.27   
           1024         |       0.07       |              0.13        |            14336.00        |                8126.02   
           1024         |       0.07       |              0.11        |            14506.67        |                9286.88   
           1024         |       0.07       |              0.10        |            14677.33        |               10613.58   
           1024         |       0.07       |              0.08        |            14848.00        |               12129.80   
           1024         |       0.07       |              0.07        |            15018.67        |               13862.63   
           1024         |       0.07       |              0.06        |            15189.33        |               15843.01   
           1024         |       0.08       |              0.18        |            13165.71        |                5640.17   
           1024         |       0.08       |              0.16        |            13312.00        |                6445.91   
           1024         |       0.08       |              0.14        |            13458.29        |                7366.75   
           1024         |       0.07       |              0.12        |            13604.57        |                8419.14   
           1024         |       0.07       |              0.11        |            13750.86        |                9621.88   
           1024         |       0.08       |              0.22        |            12160.00        |                4694.64   
           1024         |       0.08       |              0.19        |            12288.00        |                5365.30   
           1024         |       0.09       |              0.29        |            11036.44        |                3506.86   
           1024         |       0.09       |              0.26        |            11150.22        |                4007.84   
           1024         |       0.09       |              0.22        |            11264.00        |                4580.39   
           1024         |       0.09       |              0.20        |            11377.78        |                5234.73   
           1024         |       0.09       |              0.17        |            11491.56        |                5982.55   
           1024         |       0.09       |              0.15        |            11605.33        |                6837.20   
           1024         |       0.09       |              0.13        |            11719.11        |                7813.94   
           1024         |       0.10       |              0.24        |            10649.60        |                4272.60   
           1024         |       0.09       |              0.21        |            10752.00        |                4882.97   
           1024         |       0.09       |              0.18        |            10854.40        |                5580.54   
           1024         |       0.09       |              0.16        |            10956.80        |                6377.76   
           1024         |       0.09       |              0.14        |            11059.20        |                7288.86   
           1024         |       0.09       |              0.12        |            11161.60        |                8330.13   
           1024         |       0.09       |              0.11        |            11264.00        |                9520.15   
           1024         |       0.09       |              0.09        |            11366.40        |               10880.17   
           1024         |       0.09       |              0.08        |            11468.80        |               12434.48   
           1024         |       0.09       |              0.07        |            11571.20        |               14210.83   
           1024         |       0.09       |              0.06        |            11673.60        |               16240.95   
           1024         |       0.09       |              0.06        |            11776.00        |               18561.09   
           1024         |       0.09       |              0.05        |            11878.40        |               21212.67   
           1024         |       0.08       |              0.04        |            11980.80        |               24243.06   
           1024         |       0.08       |              0.04        |            12083.20        |               27706.35   
           1024         |       0.08       |              0.03        |            12185.60        |               31664.40   
           1024         |       0.08       |              0.03        |            12288.00        |               36187.89   
           1024         |       0.08       |              0.02        |            12390.40        |               41357.58   
           1024         |       0.08       |              0.02        |            12492.80        |               47265.81   
           1024         |       0.08       |              0.02        |            12595.20        |               54018.07   
           1024         |       0.08       |              0.02        |            12697.60        |               61734.94   
           1024         |       0.08       |              0.01        |            12800.00        |               70554.21   
           1024         |       0.08       |              0.01        |            12902.40        |               80633.39   
           1024         |       0.08       |              0.01        |            13004.80        |               92152.44   
           1024         |       0.08       |              0.01        |            13107.20        |              105317.08   
           1024         |       0.08       |              0.01        |            13209.60        |              120362.37   
           1024         |       0.08       |              0.01        |            13312.00        |              137557.00   
           1024         |       0.08       |              0.01        |            13414.40        |              157208.00   
           1024         |       0.08       |              0.01        |            13516.80        |              179666.28   
           1024         |       0.07       |              0.00        |            13619.20        |              205332.89   
           1024         |       0.07       |              0.00        |            13721.60        |              234666.16   
           1024         |       0.07       |              0.00        |            13824.00        |              268189.90   
           1024         |       0.07       |              0.00        |            13926.40        |              306502.74   
           1024         |       0.07       |              0.00        |            14028.80        |              350288.85   
           1024         |       0.07       |              0.00        |            14131.20        |              400330.11   
           1024         |       0.07       |              0.00        |            14233.60        |              457520.13   
           1024         |       0.07       |              0.00        |            14336.00        |              522880.15   
           1024         |       0.07       |              0.00        |            14438.40        |              597577.31   
           1024         |       0.07       |              0.00        |            14540.80        |              682945.50   
           1024         |       0.07       |              0.00        |            14643.20        |              780509.14   
           1024         |       0.07       |              0.00        |            14745.60        |              892010.45   
           1024         |       0.07       |              0.00        |            14848.00        |             1019440.51   
           1024         |       0.07       |              0.00        |            14950.40        |             1165074.87   
           1024         |       0.07       |              0.00        |            15052.80        |             1331514.14   
           1024         |       0.07       |              0.00        |            15155.20        |             1521730.45   
           1024         |       0.07       |              0.00        |            15257.60        |             1739120.51   
           1024         |       0.07       |              0.00        |            15360.00        |             1987566.30   
           1024         |       0.07       |              0.13        |            14056.73        |                8162.56   
           1024         |       0.07       |              0.11        |            14149.82        |                9328.64   
           1024         |       0.07       |              0.10        |            14242.91        |               10661.31   
           1024         |       0.07       |              0.08        |            14336.00        |               12184.35   
           1024         |       0.07       |              0.07        |            14429.09        |               13924.97   
           1024         |       0.07       |              0.06        |            14522.18        |               15914.25   
           1024         |       0.07       |              0.06        |            14615.27        |               18187.72   
           1024         |       0.07       |              0.05        |            14708.36        |               20785.96   
           1024         |       0.07       |              0.04        |            14801.45        |               23755.39   
           1024         |       0.07       |              0.04        |            14894.55        |               27149.01   
           1024         |       0.07       |              0.03        |            14987.64        |               31027.44   
           1024         |       0.07       |              0.03        |            15080.73        |               35459.93   
           1024         |       0.07       |              0.03        |            15173.82        |               40525.64   
            632         |       0.07       |              0.02        |            15231.27        |               28585.05   

 Total Avg Estimated RTT: 0.07ms   |   Total Avg Estimated BW: InfinityKB/s 

*** File transfer complete...