
SegID   |   Bytes sent (167544)   |   Avg RTT (ms)   |   Estimated RTT (ms)   |   Avg Bandwidth (KB/s)   |   Estimated Bandwidth (KB/s)   

---------------------------------------------------------------------------------------------------------------------------------------

0       |           1024         |      16.00       |              4.00        |               32.00        |                 256.00   
1       |           1024         |      11.00       |              3.63        |               62.06        |                 282.48   
2       |           1024         |       8.50       |              3.30        |               90.35        |                 310.60   
3       |           1024         |       7.00       |              3.01        |              117.03        |                 340.23   
4       |           1024         |       6.00       |              2.76        |              142.22        |                 371.21   
5       |           1024         |       5.29       |              2.54        |              166.05        |                 403.35   
6       |           1024         |       4.63       |              2.22        |              193.73        |                 460.97   
7       |           1024         |       4.11       |              1.94        |              221.41        |                 526.83   
8       |           1024         |       3.80       |              1.83        |              242.53        |                 560.87   
9       |           1024         |       3.55       |              1.72        |              262.56        |                 594.47   
10       |           1024         |       3.33       |              1.63        |              281.60        |                 627.37   
11       |           1024         |       3.08       |              1.43        |              307.20        |                 716.99   
12       |           1024         |       2.93       |              1.37        |              324.68        |                 744.91   
13       |           1024         |       2.80       |              1.33        |              341.33        |                 771.18   
14       |           1024         |       2.69       |              1.29        |              357.21        |                 795.74   
15       |           1024         |       2.53       |              1.13        |              381.02        |                 909.42   
16       |           1024         |       2.44       |              1.11        |              395.64        |                 922.32   
17       |           1024         |       2.37       |              1.10        |              409.60        |                 933.91   
18       |           1024         |       2.25       |              0.96        |              432.36        |                1067.33   
19       |           1024         |       2.19       |              0.96        |              445.22        |                1061.71   
20       |           1024         |       2.09       |              0.84        |              467.48        |                1213.38   
21       |           1024         |       2.04       |              0.86        |              479.32        |                1185.97   
22       |           1024         |       2.00       |              0.88        |              490.67        |                1162.97   
23       |           1024         |       1.96       |              0.90        |              501.55        |                1143.57   
24       |           1024         |       1.88       |              0.78        |              522.45        |                1306.94   
25       |           1024         |       1.81       |              0.69        |              543.35        |                1493.65   
26       |           1024         |       1.79       |              0.72        |              552.96        |                1412.66   
27       |           1024         |       1.76       |              0.76        |              562.20        |                1348.67   
28       |           1024         |       1.70       |              0.66        |              582.27        |                1541.34   
29       |           1024         |       1.68       |              0.71        |              590.77        |                1449.78   
30       |           1024         |       1.66       |              0.74        |              598.94        |                1378.15   
31       |           1024         |       1.61       |              0.65        |              618.26        |                1575.03   
32       |           1024         |       1.56       |              0.57        |              637.58        |                1800.04   
33       |           1024         |       1.51       |              0.50        |              656.91        |                2057.19   
34       |           1024         |       1.47       |              0.44        |              676.23        |                2351.07   
35       |           1024         |       1.46       |              0.51        |              682.67        |                2023.30   
36       |           1024         |       1.45       |              0.57        |              688.87        |                1803.32   
37       |           1024         |       1.44       |              0.62        |              694.86        |                1646.67   
38       |           1024         |       1.43       |              0.67        |              700.63        |                1530.35   
39       |           1024         |       1.41       |              0.71        |              706.21        |                1441.27   
40       |           1024         |       1.40       |              0.75        |              711.59        |                1371.41   
41       |           1024         |       1.40       |              0.78        |              716.80        |                1315.62   
42       |           1024         |       1.39       |              0.81        |              721.84        |                1270.39   
43       |           1024         |       1.38       |              0.83        |              726.71        |                1233.30   
44       |           1024         |       1.35       |              0.73        |              743.23        |                1409.49   
45       |           1024         |       1.32       |              0.64        |              759.74        |                1610.84   
46       |           1024         |       1.31       |              0.68        |              763.94        |                1503.16   
47       |           1024         |       1.31       |              0.72        |              768.00        |                1420.10   
48       |           1024         |       1.28       |              0.63        |              784.00        |                1622.97   
49       |           1024         |       1.25       |              0.55        |              800.00        |                1854.82   
50       |           1024         |       1.25       |              0.61        |              803.45        |                1684.03   
51       |           1024         |       1.25       |              0.66        |              806.79        |                1558.46   
52       |           1024         |       1.22       |              0.57        |              822.30        |                1781.10   
53       |           1024         |       1.22       |              0.63        |              825.31        |                1630.42   
54       |           1024         |       1.21       |              0.67        |              828.24        |                1518.04   
55       |           1024         |       1.21       |              0.72        |              831.07        |                1431.70   
56       |           1024         |       1.21       |              0.75        |              833.83        |                1363.83   
57       |           1024         |       1.20       |              0.78        |              836.51        |                1309.50   
58       |           1024         |       1.20       |              0.81        |              839.11        |                1265.40   
59       |           1024         |       1.20       |              0.83        |              841.64        |                1229.18   
60       |           1024         |       1.19       |              0.85        |              844.11        |                1199.15   
61       |           1024         |       1.19       |              0.87        |              846.51        |                1174.05   
62       |           1024         |       1.19       |              0.89        |              848.84        |                1152.93   
63       |           1024         |       1.18       |              0.90        |              851.12        |                1135.06   
64       |           1024         |       1.18       |              0.91        |              853.33        |                1119.88   
65       |           1024         |       1.16       |              0.80        |              866.46        |                1279.86   
66       |           1024         |       1.15       |              0.70        |              879.59        |                1462.70   
67       |           1024         |       1.13       |              0.61        |              892.72        |                1671.66   
68       |           1024         |       1.13       |              0.66        |              894.38        |                1549.18   
69       |           1024         |       1.11       |              0.58        |              907.34        |                1770.49   
70       |           1024         |       1.11       |              0.63        |              908.80        |                1622.63   
71       |           1024         |       1.11       |              0.68        |              910.22        |                1512.13   
72       |           1024         |       1.11       |              0.72        |              911.61        |                1427.10   
73       |           1024         |       1.11       |              0.75        |              912.96        |                1360.17   
74       |           1024         |       1.09       |              0.66        |              925.30        |                1554.48   
75       |           1024         |       1.08       |              0.58        |              937.64        |                1776.55   
76       |           1024         |       1.06       |              0.50        |              949.98        |                2030.34   
77       |           1024         |       1.05       |              0.44        |              962.31        |                2320.39   
78       |           1024         |       1.04       |              0.39        |              974.65        |                2651.87   
79       |           1024         |       1.02       |              0.34        |              986.99        |                3030.71   
80       |           1024         |       1.01       |              0.30        |              999.33        |                3463.67   
81       |           1024         |       1.00       |              0.26        |             1011.66        |                3958.48   
82       |           1024         |       0.99       |              0.23        |             1024.00        |                4523.97   
83       |           1024         |       0.99       |              0.32        |             1024.00        |                3169.73   
84       |           1024         |       1.07       |              1.28        |              946.09        |                 798.33   
85       |           1024         |       1.07       |              1.25        |              946.92        |                 820.95   
86       |           1024         |       1.07       |              1.22        |              947.74        |                 841.81   
87       |           1024         |       1.07       |              1.19        |              948.55        |                 860.96   
88       |           1024         |       1.07       |              1.17        |              949.33        |                 878.44   
89       |           1024         |       1.05       |              1.02        |              960.00        |                1003.94   
90       |           1024         |       1.05       |              1.02        |              960.66        |                1006.40   
91       |           1024         |       1.04       |              0.89        |              971.22        |                1150.17   
92       |           1024         |       1.04       |              0.90        |              971.76        |                1132.73   
93       |           1024         |       1.03       |              0.79        |              982.20        |                1294.54   
94       |           1024         |       1.03       |              0.82        |              982.63        |                1253.16   
95       |           1024         |       1.02       |              0.71        |              992.97        |                1432.18   
96       |           1024         |       1.01       |              0.63        |             1003.31        |                1636.78   
97       |           1024         |       1.01       |              0.67        |             1003.52        |                1522.86   
98       |           1024         |       1.01       |              0.71        |             1003.72        |                1435.45   
99       |           1024         |       1.00       |              0.62        |             1013.86        |                1640.51   
100       |           1024         |       1.00       |              0.67        |             1013.96        |                1525.69   
101       |           1024         |       1.00       |              0.71        |             1014.06        |                1437.65   
102       |           1024         |       0.99       |              0.62        |             1024.00        |                1643.03   
103       |           1024         |       0.99       |              0.67        |             1024.00        |                1527.60   
104       |           1024         |       0.98       |              0.59        |             1033.85        |                1745.82   
105       |           1024         |       0.98       |              0.64        |             1033.75        |                1604.45   
106       |           1024         |       0.97       |              0.56        |             1043.50        |                1833.66   
107       |           1024         |       0.97       |              0.61        |             1043.32        |                1668.73   
108       |           1024         |       0.96       |              0.54        |             1052.98        |                1907.12   
109       |           1024         |       0.96       |              0.59        |             1052.71        |                1721.53   
110       |           1024         |       0.96       |              0.65        |             1052.44        |                1586.45   
111       |           1024         |       0.96       |              0.69        |             1052.18        |                1484.52   
112       |           1024         |       0.96       |              0.73        |             1051.93        |                1405.51   
113       |           1024         |       0.97       |              0.76        |             1051.68        |                1342.97   
114       |           1024         |       0.96       |              0.67        |             1060.90        |                1534.82   
115       |           1024         |       0.95       |              0.58        |             1070.13        |                1754.08   
116       |           1024         |       0.95       |              0.64        |             1069.71        |                1610.55   
117       |           1024         |       0.95       |              0.68        |             1069.31        |                1502.94   
118       |           1024         |       0.95       |              0.72        |             1068.91        |                1419.92   
119       |           1024         |       0.94       |              0.63        |             1077.89        |                1622.77   
120       |           1024         |       0.94       |              0.68        |             1077.43        |                1512.24   
121       |           1024         |       0.94       |              0.72        |             1076.97        |                1427.18   
122       |           1024         |       0.94       |              0.75        |             1076.51        |                1360.23   
123       |           1024         |       0.94       |              0.66        |             1085.26        |                1554.55   
124       |           1024         |       0.93       |              0.58        |             1094.02        |                1776.63   
125       |           1024         |       0.93       |              0.63        |             1093.42        |                1627.14   
126       |           1024         |       0.93       |              0.68        |             1092.84        |                1515.56   
127       |           1024         |       0.92       |              0.59        |             1101.45        |                1732.06   
128       |           1024         |       0.92       |              0.64        |             1100.80        |                1594.27   
129       |           1024         |       0.92       |              0.69        |             1100.17        |                1490.51   
130       |           1024         |       0.92       |              0.60        |             1108.63        |                1703.44   
131       |           1024         |       0.92       |              0.65        |             1107.93        |                1572.98   
132       |           1024         |       0.92       |              0.69        |             1107.25        |                1474.19   
133       |           1024         |       0.92       |              0.73        |             1106.58        |                1397.39   
134       |           1024         |       0.91       |              0.64        |             1114.84        |                1597.02   
135       |           1024         |       0.91       |              0.69        |             1114.11        |                1492.61   
136       |           1024         |       0.91       |              0.60        |             1122.30        |                1705.84   
137       |           1024         |       0.91       |              0.65        |             1121.52        |                1574.77   
138       |           1024         |       0.91       |              0.69        |             1120.76        |                1475.56   
139       |           1024         |       0.91       |              0.73        |             1120.00        |                1398.48   
140       |           1024         |       0.91       |              0.77        |             1119.26        |                1337.34   
141       |           1024         |       0.90       |              0.67        |             1127.19        |                1528.39   
142       |           1024         |       0.90       |              0.59        |             1135.13        |                1746.73   
143       |           1024         |       0.89       |              0.51        |             1143.07        |                1996.27   
144       |           1024         |       0.89       |              0.57        |             1142.15        |                1784.48   
145       |           1024         |       0.89       |              0.63        |             1141.25        |                1632.89   
146       |           1024         |       0.89       |              0.55        |             1149.07        |                1866.16   
147       |           1024         |       0.89       |              0.61        |             1148.12        |                1692.20   
148       |           1024         |       0.89       |              0.65        |             1147.19        |                1564.58   
149       |           1024         |       0.89       |              0.70        |             1146.27        |                1467.73   
150       |           1024         |       0.89       |              0.74        |             1145.36        |                1392.31   
151       |           1024         |       0.88       |              0.64        |             1152.95        |                1591.21   
152       |           1024         |       0.88       |              0.69        |             1152.00        |                1488.17   
153       |           1024         |       0.88       |              0.73        |             1151.07        |                1408.37   
154       |           1024         |       0.88       |              0.76        |             1150.14        |                1345.25   
155       |           1024         |       0.88       |              0.67        |             1157.57        |                1537.43   
156       |           1024         |       0.88       |              0.71        |             1156.60        |                1446.76   
157       |           1024         |       0.88       |              0.74        |             1155.66        |                1375.76   
158       |           1024         |       0.88       |              0.78        |             1154.72        |                1319.12   
159       |           1024         |       0.88       |              0.80        |             1153.80        |                1273.25   
160       |           1024         |       0.88       |              0.70        |             1161.01        |                1455.14   
161       |           1024         |       0.88       |              0.74        |             1160.06        |                1382.39   
162       |           1024         |       0.88       |              0.77        |             1159.11        |                1324.44   
163       |            632         |       0.88       |              0.80        |             1155.48        |                 788.51   

 Total Avg Estimated RTT: 0.84ms   |   Total Avg Estimated BW: 1443.28KB/s 

*** File transfer complete...