
SegID   |   Bytes sent (167544)   |   Avg RTT (ms)   |   Estimated RTT (ms)   |   Avg Bandwidth (KB/s)   |   Estimated Bandwidth (KB/s)   

---------------------------------------------------------------------------------------------------------------------------------------

0       |           1024         |      18.50       |              4.63        |               27.68        |                 221.41   
1       |           1024         |      12.33       |              4.05        |               55.35        |                 253.03   
2       |           1024         |       9.50       |              3.67        |               80.84        |                 279.32   
3       |           1024         |       7.60       |              3.21        |              107.79        |                 319.23   
4       |           1024         |       6.50       |              2.93        |              131.28        |                 349.27   
5       |           1024         |       5.71       |              2.69        |              153.60        |                 380.62   
6       |           1024         |       5.13       |              2.48        |              174.83        |                 413.06   
7       |           1024         |       4.67       |              2.29        |              195.05        |                 446.35   
8       |           1024         |       4.30       |              2.13        |              214.33        |                 480.21   
9       |           1024         |       4.00       |              1.99        |              232.73        |                 514.36   
10       |           1024         |       3.67       |              1.74        |              256.00        |                 587.84   
11       |           1024         |       3.38       |              1.52        |              279.27        |                 671.81   
12       |           1024         |       3.14       |              1.33        |              302.55        |                 767.79   
13       |           1024         |       2.93       |              1.17        |              325.82        |                 877.47   
14       |           1024         |       2.81       |              1.15        |              341.33        |                 893.45   
15       |           1024         |       2.65       |              1.00        |              364.09        |                1021.09   
16       |           1024         |       2.50       |              0.88        |              386.84        |                1166.96   
17       |           1024         |       2.42       |              0.89        |              400.70        |                1146.94   
18       |           1024         |       2.35       |              0.91        |              413.96        |                1129.98   
19       |           1024         |       2.29       |              0.92        |              426.67        |                1115.55   
20       |           1024         |       2.23       |              0.93        |              438.86        |                1103.22   
21       |           1024         |       2.17       |              0.94        |              450.56        |                1092.66   
22       |           1024         |       2.13       |              0.95        |              461.80        |                1083.57   
23       |           1024         |       2.08       |              0.95        |              472.62        |                1075.75   
24       |           1024         |       2.04       |              0.96        |              483.02        |                1069.00   
25       |           1024         |       1.96       |              0.84        |              502.34        |                1221.71   
26       |           1024         |       1.93       |              0.86        |              512.00        |                1192.92   
27       |           1024         |       1.90       |              0.88        |              521.31        |                1168.82   
28       |           1024         |       1.83       |              0.77        |              539.93        |                1335.79   
29       |           1024         |       1.77       |              0.67        |              558.55        |                1526.62   
30       |           1024         |       1.75       |              0.71        |              566.86        |                1438.37   
31       |           1024         |       1.73       |              0.75        |              574.88        |                1369.12   
32       |           1024         |       1.71       |              0.78        |              582.62        |                1313.77   
33       |           1024         |       1.69       |              0.81        |              590.10        |                1268.89   
34       |           1024         |       1.67       |              0.83        |              597.33        |                1232.06   
35       |           1024         |       1.65       |              0.85        |              604.33        |                1201.54   
36       |           1024         |       1.63       |              0.87        |              611.10        |                1176.05   
37       |           1024         |       1.62       |              0.89        |              617.65        |                1154.62   
38       |           1024         |       1.58       |              0.78        |              633.90        |                1319.57   
39       |           1024         |       1.54       |              0.68        |              650.16        |                1508.08   
40       |           1024         |       1.52       |              0.72        |              656.00        |                1423.93   
41       |           1024         |       1.51       |              0.75        |              661.66        |                1357.65   
42       |           1024         |       1.50       |              0.78        |              667.15        |                1304.52   
43       |           1024         |       1.49       |              0.81        |              672.48        |                1261.33   
44       |           1024         |       1.48       |              0.84        |              677.65        |                1225.82   
45       |           1024         |       1.45       |              0.73        |              692.71        |                1400.93   
46       |           1024         |       1.44       |              0.76        |              697.51        |                1339.31   
47       |           1024         |       1.43       |              0.79        |              702.17        |                1289.67   
48       |           1024         |       1.42       |              0.82        |              706.70        |                1249.16   
49       |           1024         |       1.41       |              0.84        |              711.11        |                1215.74   
50       |           1024         |       1.38       |              0.74        |              725.33        |                1389.42   
51       |           1024         |       1.38       |              0.77        |              729.42        |                1330.09   
52       |           1024         |       1.35       |              0.67        |              743.45        |                1520.10   
53       |           1024         |       1.35       |              0.71        |              747.24        |                1433.30   
54       |           1024         |       1.34       |              0.75        |              750.93        |                1365.10   
55       |           1024         |       1.33       |              0.78        |              754.53        |                1310.53   
56       |           1024         |       1.33       |              0.81        |              758.03        |                1266.24   
57       |           1024         |       1.32       |              0.83        |              761.44        |                1229.87   
58       |           1024         |       1.30       |              0.73        |              774.56        |                1405.57   
59       |           1024         |       1.30       |              0.76        |              777.72        |                1343.01   
60       |           1024         |       1.27       |              0.67        |              790.68        |                1534.87   
61       |           1024         |       1.27       |              0.71        |              793.60        |                1444.77   
62       |           1024         |       1.27       |              0.75        |              796.44        |                1374.19   
63       |           1024         |       1.26       |              0.78        |              799.22        |                1317.85   
64       |           1024         |       1.26       |              0.80        |              801.93        |                1272.22   
65       |           1024         |       1.24       |              0.70        |              814.27        |                1453.96   
66       |           1024         |       1.24       |              0.74        |              816.76        |                1381.46   
67       |           1024         |       1.22       |              0.65        |              828.95        |                1578.81   
68       |           1024         |       1.21       |              0.69        |              831.25        |                1478.66   
69       |           1024         |       1.21       |              0.73        |              833.49        |                1400.91   
70       |           1024         |       1.19       |              0.64        |              845.40        |                1601.04   
71       |           1024         |       1.19       |              0.68        |              847.45        |                1495.69   
72       |           1024         |       1.19       |              0.72        |              849.45        |                1414.26   
73       |           1024         |       1.19       |              0.76        |              851.42        |                1349.95   
74       |           1024         |       1.18       |              0.79        |              853.33        |                1298.29   
75       |           1024         |       1.18       |              0.82        |              855.21        |                1256.23   
76       |           1024         |       1.18       |              0.84        |              857.04        |                1221.60   
77       |           1024         |       1.16       |              0.73        |              868.17        |                1396.11   
78       |           1024         |       1.16       |              0.77        |              869.85        |                1335.45   
79       |           1024         |       1.15       |              0.67        |              880.86        |                1526.23   
80       |           1024         |       1.15       |              0.71        |              882.38        |                1438.07   
81       |           1024         |       1.14       |              0.75        |              883.87        |                1368.88   
82       |           1024         |       1.14       |              0.78        |              885.33        |                1313.58   
83       |           1024         |       1.14       |              0.81        |              886.76        |                1268.73   
84       |           1024         |       1.14       |              0.83        |              888.16        |                1231.92   
85       |           1024         |       1.13       |              0.73        |              898.61        |                1407.91   
86       |           1024         |       1.13       |              0.76        |              899.88        |                1344.89   
87       |           1024         |       1.12       |              0.79        |              901.12        |                1294.19   
88       |           1024         |       1.11       |              0.69        |              911.36        |                1479.08   
89       |           1024         |       1.11       |              0.73        |              912.48        |                1401.24   
90       |           1024         |       1.11       |              0.76        |              913.57        |                1339.55   
91       |           1024         |       1.11       |              0.79        |              914.64        |                1289.87   
92       |           1024         |       1.10       |              0.69        |              924.58        |                1474.13   
93       |           1024         |       1.09       |              0.73        |              925.54        |                1397.35   
94       |           1024         |       1.09       |              0.77        |              926.48        |                1336.44   
95       |           1024         |       1.08       |              0.67        |              936.23        |                1527.36   
96       |           1024         |       1.08       |              0.71        |              937.06        |                1438.95   
97       |           1024         |       1.07       |              0.62        |              946.72        |                1644.51   
98       |           1024         |       1.06       |              0.54        |              956.38        |                1879.44   
99       |           1024         |       1.06       |              0.60        |              957.01        |                1701.74   
100       |           1024         |       1.06       |              0.65        |              957.63        |                1571.71   
101       |           1024         |       1.06       |              0.70        |              958.24        |                1473.21   
102       |           1024         |       1.06       |              0.73        |              958.84        |                1396.63   
103       |           1024         |       1.06       |              0.77        |              959.42        |                1335.86   
104       |           1024         |       1.06       |              0.80        |              960.00        |                1286.87   
105       |           1024         |       1.06       |              0.82        |              960.57        |                1246.86   
106       |           1024         |       1.05       |              0.72        |              969.63        |                1424.98   
107       |           1024         |       1.05       |              0.75        |              970.11        |                1358.49   
108       |           1024         |       1.05       |              0.78        |              970.57        |                1305.20   
109       |           1024         |       1.05       |              0.81        |              971.03        |                1261.88   
110       |           1024         |       1.04       |              0.84        |              971.49        |                1226.27   
111       |           1024         |       1.04       |              0.86        |              971.93        |                1196.72   
112       |           1024         |       1.04       |              0.87        |              972.37        |                1172.01   
113       |           1024         |       1.04       |              0.89        |              972.80        |                1151.21   
114       |           1024         |       1.03       |              0.78        |              981.33        |                1315.67   
115       |           1024         |       1.03       |              0.81        |              981.69        |                1270.44   
116       |           1024         |       1.03       |              0.83        |              982.03        |                1233.34   
117       |           1024         |       1.03       |              0.73        |              990.43        |                1409.53   
118       |           1024         |       1.02       |              0.64        |              998.82        |                1610.89   
119       |           1024         |       1.01       |              0.56        |             1007.21        |                1841.01   
120       |           1024         |       1.01       |              0.61        |             1007.35        |                1674.06   
121       |           1024         |       1.00       |              0.54        |             1015.67        |                1913.21   
122       |           1024         |       1.00       |              0.59        |             1015.74        |                1725.87   
123       |           1024         |       1.00       |              0.64        |             1015.81        |                1589.67   
124       |           1024         |       1.00       |              0.69        |             1015.87        |                1486.99   
125       |           1024         |       1.00       |              0.73        |             1015.94        |                1407.45   
126       |           1024         |       1.00       |              0.76        |             1016.00        |                1344.51   
127       |           1024         |       1.00       |              0.79        |             1016.06        |                1293.89   
128       |           1024         |       1.00       |              0.82        |             1016.12        |                1252.62   
129       |           1024         |       1.00       |              0.84        |             1016.18        |                1218.61   
130       |           1024         |       1.00       |              0.86        |             1016.24        |                1190.33   
131       |           1024         |       1.00       |              0.88        |             1016.30        |                1166.65   
132       |           1024         |       1.00       |              0.89        |             1016.36        |                1146.68   
133       |           1024         |       1.00       |              0.91        |             1016.41        |                1129.76   
134       |           1024         |       0.99       |              0.79        |             1024.00        |                1291.15   
135       |           1024         |       0.99       |              0.82        |             1024.00        |                1250.38   
136       |           1024         |       0.99       |              0.84        |             1024.00        |                1216.75   
137       |           1024         |       0.99       |              0.86        |             1024.00        |                1188.78   
138       |           1024         |       0.99       |              0.75        |             1031.42        |                1358.61   
139       |           1024         |       0.99       |              0.78        |             1031.37        |                1305.29   
140       |           1024         |       0.99       |              0.81        |             1031.31        |                1261.96   
141       |           1024         |       0.99       |              0.84        |             1031.26        |                1226.34   
142       |           1024         |       0.98       |              0.73        |             1038.52        |                1401.53   
143       |           1024         |       0.98       |              0.76        |             1038.42        |                1339.78   
144       |           1024         |       0.98       |              0.79        |             1038.32        |                1290.06   
145       |           1024         |       0.98       |              0.82        |             1038.22        |                1249.48   
146       |           1024         |       0.98       |              0.84        |             1038.12        |                1216.01   
147       |           1024         |       0.98       |              0.86        |             1038.03        |                1188.16   
148       |           1024         |       0.98       |              0.88        |             1037.93        |                1164.82   
149       |           1024         |       0.98       |              0.89        |             1037.84        |                1145.13   
150       |           1024         |       0.98       |              0.91        |             1037.74        |                1128.45   
151       |           1024         |       0.98       |              0.92        |             1037.65        |                1114.24   
152       |           1024         |       0.97       |              0.80        |             1044.48        |                1273.42   
153       |           1024         |       0.97       |              0.70        |             1051.31        |                1455.33   
154       |           1024         |       0.96       |              0.62        |             1058.13        |                1663.24   
155       |           1024         |       0.96       |              0.66        |             1057.91        |                1542.85   
156       |           1024         |       0.96       |              0.71        |             1057.68        |                1450.95   
157       |           1024         |       0.96       |              0.62        |             1064.42        |                1658.23   
158       |           1024         |       0.96       |              0.67        |             1064.16        |                1539.07   
159       |           1024         |       0.95       |              0.58        |             1070.85        |                1758.94   
160       |           1024         |       0.94       |              0.51        |             1077.54        |                2010.22   
161       |           1024         |       0.94       |              0.57        |             1077.19        |                1794.22   
162       |           1024         |       0.95       |              0.62        |             1076.85        |                1640.02   
163       |            632         |       0.94       |              0.55        |             1080.93        |                1156.80   

*** File transfer complete...