
SegID   |   Bytes sent (167544)   |   Avg RTT (ms)   |   Estimated RTT (ms)   |   Avg Bandwidth (KB/s)   |   Estimated Bandwidth (KB/s)   

---------------------------------------------------------------------------------------------------------------------------------------

0       |           1024         |      15.50       |              3.88        |               33.03        |                 264.26   
1       |           1024         |      10.67       |              3.52        |               64.00        |                 291.27   
2       |           1024         |       8.25       |              3.20        |               93.09        |                 319.88   
3       |           1024         |       6.60       |              2.80        |              124.12        |                 365.58   
4       |           1024         |       5.50       |              2.45        |              155.15        |                 417.81   
5       |           1024         |       4.71       |              2.14        |              186.18        |                 477.49   
6       |           1024         |       4.25       |              2.00        |              210.82        |                 511.62   
7       |           1024         |       3.89       |              1.88        |              234.06        |                 545.76   
8       |           1024         |       3.50       |              1.64        |              263.31        |                 623.73   
9       |           1024         |       3.27       |              1.56        |              284.44        |                 655.77   
10       |           1024         |       3.08       |              1.49        |              304.43        |                 686.63   
11       |           1024         |       2.85       |              1.30        |              332.11        |                 784.72   
12       |           1024         |       2.71       |              1.27        |              350.32        |                 808.33   
13       |           1024         |       2.60       |              1.23        |              367.59        |                 830.19   
14       |           1024         |       2.50       |              1.20        |              384.00        |                 850.31   
15       |           1024         |       2.35       |              1.05        |              409.60        |                 971.78   
16       |           1024         |       2.22       |              0.92        |              435.20        |                1110.60   
17       |           1024         |       2.16       |              0.93        |              449.56        |                1098.98   
18       |           1024         |       2.10       |              0.94        |              463.24        |                1089.02   
19       |           1024         |       2.05       |              0.95        |              476.28        |                1080.44   
20       |           1024         |       1.95       |              0.83        |              500.09        |                1234.79   
21       |           1024         |       1.91       |              0.85        |              512.00        |                1203.81   
22       |           1024         |       1.88       |              0.87        |              523.38        |                1177.96   
23       |           1024         |       1.80       |              0.76        |              546.13        |                1346.24   
24       |           1024         |       1.77       |              0.79        |              556.52        |                1295.29   
25       |           1024         |       1.74       |              0.82        |              566.47        |                1253.77   
26       |           1024         |       1.71       |              0.84        |              576.00        |                1219.56   
27       |           1024         |       1.66       |              0.73        |              597.33        |                1393.78   
28       |           1024         |       1.63       |              0.77        |              606.04        |                1333.59   
29       |           1024         |       1.61       |              0.80        |              614.40        |                1285.02   
30       |           1024         |       1.56       |              0.70        |              634.88        |                1468.60   
31       |           1024         |       1.52       |              0.61        |              655.36        |                1678.40   
32       |           1024         |       1.50       |              0.66        |              662.59        |                1554.24   
33       |           1024         |       1.49       |              0.70        |              669.54        |                1459.76   
34       |           1024         |       1.47       |              0.74        |              676.23        |                1386.03   
35       |           1024         |       1.43       |              0.65        |              695.55        |                1584.03   
36       |           1024         |       1.42       |              0.69        |              701.63        |                1482.67   
37       |           1024         |       1.41       |              0.73        |              707.49        |                1404.06   
38       |           1024         |       1.38       |              0.64        |              726.11        |                1604.64   
39       |           1024         |       1.34       |              0.56        |              744.73        |                1833.87   
40       |           1024         |       1.31       |              0.49        |              763.35        |                2095.86   
41       |           1024         |       1.30       |              0.55        |              768.00        |                1853.36   
42       |           1024         |       1.30       |              0.61        |              772.49        |                1682.97   
43       |           1024         |       1.27       |              0.53        |              790.46        |                1923.40   
44       |           1024         |       1.24       |              0.47        |              808.42        |                2198.17   
45       |           1024         |       1.23       |              0.53        |              812.14        |                1922.60   
46       |           1024         |       1.23       |              0.59        |              815.73        |                1732.55   
47       |           1024         |       1.20       |              0.52        |              833.08        |                1980.06   
48       |           1024         |       1.18       |              0.45        |              850.44        |                2262.93   
49       |           1024         |       1.18       |              0.52        |              853.33        |                1965.65   
50       |           1024         |       1.17       |              0.58        |              856.13        |                1763.00   
51       |           1024         |       1.17       |              0.63        |              858.84        |                1617.12   
52       |           1024         |       1.15       |              0.55        |              875.35        |                1848.13   
53       |           1024         |       1.15       |              0.61        |              877.71        |                1679.20   
54       |           1024         |       1.14       |              0.66        |              880.00        |                1554.85   
55       |           1024         |       1.14       |              0.70        |              882.22        |                1460.22   
56       |           1024         |       1.14       |              0.74        |              884.36        |                1386.40   
57       |           1024         |       1.14       |              0.77        |              886.45        |                1327.66   
58       |           1024         |       1.13       |              0.80        |              888.47        |                1280.21   
59       |           1024         |       1.13       |              0.82        |              890.43        |                1241.38   
60       |           1024         |       1.13       |              0.85        |              892.34        |                1209.29   
61       |           1024         |       1.13       |              0.87        |              894.20        |                1182.55   
62       |           1024         |       1.11       |              0.76        |              908.62        |                1351.48   
63       |           1024         |       1.09       |              0.66        |              923.04        |                1544.55   
64       |           1024         |       1.08       |              0.58        |              937.46        |                1765.20   
65       |           1024         |       1.06       |              0.51        |              951.89        |                2017.37   
66       |           1024         |       1.06       |              0.57        |              952.89        |                1799.20   
67       |           1024         |       1.04       |              0.50        |              967.11        |                2056.23   
68       |           1024         |       1.04       |              0.56        |              967.89        |                1826.13   
69       |           1024         |       1.04       |              0.62        |              968.65        |                1663.27   
70       |           1024         |       1.04       |              0.66        |              969.39        |                1542.87   
71       |           1024         |       1.04       |              0.71        |              970.11        |                1450.97   
72       |           1024         |       1.04       |              0.74        |              970.81        |                1379.09   
73       |           1024         |       1.03       |              0.65        |              984.10        |                1576.10   
74       |           1024         |       1.03       |              0.69        |              984.62        |                1476.59   
75       |           1024         |       1.03       |              0.73        |              985.11        |                1399.28   
76       |           1024         |       1.03       |              0.77        |              985.60        |                1337.99   
77       |           1024         |       1.03       |              0.79        |              986.07        |                1288.60   
78       |           1024         |       1.03       |              0.82        |              986.54        |                1248.28   
79       |           1024         |       1.02       |              0.84        |              986.99        |                1215.01   
80       |           1024         |       1.01       |              0.74        |              999.33        |                1388.59   
81       |           1024         |       1.01       |              0.77        |              999.62        |                1329.42   
82       |           1024         |       1.01       |              0.80        |              999.91        |                1281.64   
83       |           1024         |       1.01       |              0.82        |             1000.19        |                1242.56   
84       |           1024         |       1.01       |              0.85        |             1000.46        |                1210.27   
85       |           1024         |       1.01       |              0.87        |             1000.73        |                1183.36   
86       |           1024         |       1.00       |              0.76        |             1012.36        |                1352.41   
87       |           1024         |       0.99       |              0.66        |             1024.00        |                1545.62   
88       |           1024         |       0.99       |              0.70        |             1024.00        |                1453.09   
89       |           1024         |       0.98       |              0.62        |             1035.51        |                1660.68   
90       |           1024         |       0.98       |              0.66        |             1035.38        |                1540.92   
91       |           1024         |       0.98       |              0.71        |             1035.25        |                1449.46   
92       |           1024         |       0.98       |              0.74        |             1035.13        |                1377.89   
93       |           1024         |       0.98       |              0.78        |             1035.01        |                1320.83   
94       |           1024         |       0.98       |              0.80        |             1034.89        |                1274.65   
95       |           1024         |       0.98       |              0.83        |             1034.78        |                1236.81   
96       |           1024         |       0.98       |              0.85        |             1034.67        |                1205.49   
97       |           1024         |       0.97       |              0.74        |             1045.33        |                1377.70   
98       |           1024         |       0.96       |              0.65        |             1056.00        |                1574.52   
99       |           1024         |       0.95       |              0.57        |             1066.67        |                1799.45   
100       |           1024         |       0.94       |              0.50        |             1077.33        |                2056.51   
101       |           1024         |       0.93       |              0.44        |             1088.00        |                2350.30   
102       |           1024         |       0.92       |              0.38        |             1098.67        |                2686.06   
103       |           1024         |       0.91       |              0.33        |             1109.33        |                3069.78   
104       |           1024         |       0.92       |              0.42        |             1108.45        |                2456.36   
105       |           1024         |       0.91       |              0.36        |             1119.01        |                2807.27   
106       |           1024         |       0.91       |              0.44        |             1118.04        |                2305.41   
107       |           1024         |       0.91       |              0.51        |             1117.09        |                1993.57   
108       |           1024         |       0.91       |              0.57        |             1116.16        |                1782.59   
109       |           1024         |       0.91       |              0.63        |             1115.25        |                1631.51   
110       |           1024         |       0.91       |              0.67        |             1114.35        |                1518.87   
111       |           1024         |       0.91       |              0.71        |             1113.48        |                1432.35   
112       |           1024         |       0.91       |              0.75        |             1112.62        |                1364.34   
113       |           1024         |       0.90       |              0.66        |             1122.46        |                1559.24   
114       |           1024         |       0.90       |              0.57        |             1132.31        |                1781.99   
115       |           1024         |       0.89       |              0.50        |             1142.15        |                2036.56   
116       |           1024         |       0.88       |              0.44        |             1152.00        |                2327.50   
117       |           1024         |       0.88       |              0.51        |             1150.78        |                2007.99   
118       |           1024         |       0.88       |              0.45        |             1160.53        |                2294.85   
119       |           1024         |       0.87       |              0.39        |             1170.29        |                2622.68   
120       |           1024         |       0.86       |              0.34        |             1180.04        |                2997.35   
121       |           1024         |       0.86       |              0.42        |             1178.57        |                2415.49   
122       |           1024         |       0.85       |              0.37        |             1188.23        |                2760.56   
123       |           1024         |       0.85       |              0.32        |             1197.89        |                3154.93   
124       |           1024         |       0.84       |              0.28        |             1207.55        |                3605.63   
125       |           1024         |       0.83       |              0.25        |             1217.21        |                4120.72   
126       |           1024         |       0.83       |              0.22        |             1226.87        |                4709.39   
127       |           1024         |       0.83       |              0.32        |             1224.97        |                3248.13   
128       |           1024         |       0.83       |              0.40        |             1223.11        |                2554.57   
129       |           1024         |       0.82       |              0.35        |             1232.59        |                2919.50   
130       |           1024         |       0.83       |              0.43        |             1230.68        |                2370.91   
131       |           1024         |       0.83       |              0.50        |             1228.80        |                2036.13   
132       |           1024         |       0.83       |              0.57        |             1226.95        |                1812.23   
133       |           1024         |       0.82       |              0.49        |             1236.18        |                2071.12   
134       |           1024         |       0.82       |              0.43        |             1245.41        |                2367.00   
135       |           1024         |       0.82       |              0.50        |             1243.43        |                2033.61   
136       |           1024         |       0.82       |              0.57        |             1241.49        |                1810.48   
137       |           1024         |       0.82       |              0.62        |             1239.58        |                1651.89   
138       |           1024         |       0.81       |              0.54        |             1248.56        |                1887.87   
139       |           1024         |       0.82       |              0.60        |             1246.61        |                1707.78   
140       |           1024         |       0.81       |              0.52        |             1255.51        |                1951.75   
141       |           1024         |       0.80       |              0.46        |             1264.42        |                2230.57   
142       |           1024         |       0.81       |              0.53        |             1262.34        |                1944.21   
143       |           1024         |       0.81       |              0.59        |             1260.31        |                1747.87   
144       |           1024         |       0.80       |              0.51        |             1269.06        |                1997.57   
145       |           1024         |       0.80       |              0.57        |             1266.98        |                1785.39   
146       |           1024         |       0.80       |              0.50        |             1275.66        |                2040.44   
147       |           1024         |       0.80       |              0.56        |             1273.55        |                1815.22   
148       |           1024         |       0.80       |              0.62        |             1271.47        |                1655.34   
149       |           1024         |       0.79       |              0.54        |             1280.00        |                1891.81   
150       |           1024         |       0.80       |              0.60        |             1277.88        |                1710.60   
151       |           1024         |       0.80       |              0.65        |             1275.80        |                1578.32   
152       |           1024         |       0.80       |              0.69        |             1273.76        |                1478.29   
153       |           1024         |       0.80       |              0.73        |             1271.74        |                1400.62   
154       |           1024         |       0.80       |              0.76        |             1269.76        |                1339.06   
155       |           1024         |       0.80       |              0.67        |             1277.95        |                1530.35   
156       |           1024         |       0.79       |              0.59        |             1286.14        |                1748.97   
157       |           1024         |       0.79       |              0.64        |             1284.06        |                1606.77   
158       |           1024         |       0.79       |              0.68        |             1282.02        |                1500.06   
159       |           1024         |       0.79       |              0.60        |             1290.08        |                1714.36   
160       |           1024         |       0.79       |              0.65        |             1288.00        |                1581.11   
161       |           1024         |       0.79       |              0.69        |             1285.95        |                1480.43   
162       |           1024         |       0.79       |              0.61        |             1293.89        |                1691.92   
163       |            632         |       0.78       |              0.53        |             1298.79        |                1193.41   

 Total Avg Estimated RTT: 0.76ms   |   Total Avg Estimated BW: 1635.34KB/s 

*** File transfer complete...